fuel mass per cicle
2.2966538795154526e-05
Temperatures:
371.206813049325
371.0575019218786
371.1274543771789
371.19870784353367
371.2712641333782
371.3451251109177
371.4202926921485
371.4967688449471
371.5745555891095
371.65365499643275
371.7340691907517
371.81580034804034
371.89885069646164
371.98322251644055
372.06891814073253
372.15593995449774
372.24429039537597
372.3339719535619
372.42498717188454
372.51733864588715
372.6110290239082
372.70606100716475
372.8024373498105
372.9001608590667
372.99923439530187
373.09966087211285
373.2014432564159
373.3045845685389
373.4090878823226
373.51495632520704
373.6221930783369
373.73080137665715
373.84078450901654
373.95214581827065
374.06488870138605
374.1790166095428
374.2945330482472
374.4114415774377
374.5297458115943
374.64944941985584
374.77055612613015
374.89306970920904
375.0169940028866
375.14233289607625
375.2690903329309
375.3972703129651
375.5268768911785
375.65791417817906
375.79038634030707
375.924297599766
376.0596522347485
376.1964545795699
376.33470902479684
376.4744200173808
376.6155920607949
376.75822971516794
376.90233759742284
377.0479203814158
377.19498279807607
377.34352963554755
377.4935657393336
377.64509601243924
377.7981254155194
377.95265896702654
378.10870174335696
378.2662588790031
378.4253355667047
378.5859370576017
378.74806866138914
378.9117357464723
379.076943740123
379.2436981286401
379.41200445750843
379.5818683315596
379.7532954151341
379.9262914322459
380.10086216674813
380.2770134624986
380.454751223528
380.6340814142088
380.81501005942766
380.9975432447539
381.1816871166153
381.3674478824722
381.55483181099186
381.7438452322262
381.9344945377918
382.1267861810469
382.32072667727454
382.51632260386396
382.7135806004927
382.9125073693141
383.1131096751419
383.31539434563916
383.51936827150365
383.72503840666224
383.9324117684584
384.1414954378456
384.35229655958386
384.5648223424314
384.779080059343
384.99507704766677
385.21282070934245
385.43231851110414
385.65357798467943
385.8766067269932
386.1014124003707
386.3280027327433
386.5563855178557
386.78656861547285
387.0185599515893
387.2523675186401
387.48799937571255
387.7254636487569
387.9647685308028
388.2059222821753
388.44893323070875
388.693809771967
388.9405603694618
389.18919355487344
389.4397179282728
389.69214215834415
389.94647498261
390.2027252076549
390.4609017093538
390.72101343310106
390.9830693940379
391.24707867728296
391.5130504381668
391.78099390246217
392.0509183666204
392.32283319800644
392.5967478351341
392.8726717879078
393.15061463785986
393.43058603838904
393.71259571500826
393.9966534655832
394.2827691605781
394.57095274330186
394.8612142301534
395.1535637108731
395.44801134878793
395.74456738106596
396.0432421189657
396.3440459480903
396.64698932864144
396.9520827956755
397.2593369593581
397.56876250522316
397.8803701944341
398.1941708640391
398.51017542723594
398.8283948736342
399.14884026951654
399.4715227581058
399.7964535598297
400.123643972585
400.45310537200965
400.784849211749
401.1188870237242
401.45523041840755
401.7938910850882
402.1348807921494
402.47821138801123
402.8238947994115
403.17194303365557
403.5223681782383
403.8751824011244
404.23039795102267
404.5880271576659
404.94808243208905
405.3105762669083
405.675521236604
406.0429299977967
406.4128152895307
406.7851899335544
407.16006683460284
407.53745898067814
407.9173794433325
408.29984137795174
408.6848580240366
409.0724427054829
409.4626088308688
409.85536989373355
410.25073947285995
410.6487312325556
411.0493589229358
411.4526363802046
411.858577526933
412.267196372338
412.67850701256333
413.092523630957
413.5092604983474
413.928731973317
414.3509525024805
414.7759366207556
415.2036989516312
415.63425420744227
416.06761718963537
416.50380278903094
416.94282598609084
417.38470185117916
417.82944554481605
418.2770723179402
418.7275975121551
419.18103655998124
419.6374049851042
420.09671840261524
420.55899251924865
421.02424313361956
421.4924861364521
421.9637375108061
422.4380133322985
422.9153297693165
423.3957030832345
423.8791496286108
424.3656858533928
424.8553282991053
425.34809360104
425.8439984884338
426.34305978463584
426.8452944072761
427.3507193684199
427.8593517747137
428.37120882752527
428.8863078252011
429.4046661568103
429.9263013086147
430.45123086204995
430.9794724938156
431.5110439759445
432.04596317587254
432.5842480564826
433.12591667614527
433.6709871887372
434.21947784365005
434.77140698578813
435.32679305553864
435.88565458873467
436.4480102165987
437.013878665664
437.5832787576854
438.1562294095246
438.73274963301446
439.3128585348065
439.89657531619315
440.48391927290817
441.0749097949035
441.6695663661004
442.2679085641167
442.86995605996674
443.47572861773176
444.085246094201
444.69852843848815
445.31559569161044
445.93646798604294
446.5611655452253
447.18970868305365
447.8221178033184
448.458413399115
449.0986160522113
449.742746432379
450.3908252966754
451.0428734886912
451.69891193774856
452.35896165804934
453.0230437477839
453.6911793881844
454.36338984252166
455.0396964550579
455.7201206499385
456.4046839300286
457.09340787568493
457.78631414347586
458.48342446482235
459.18476064458923
459.89034455959757
460.6001981570695
461.3143434529957
462.0328025304367
462.755597537735
463.482750686647
464.2142842504043
464.9502205616665
465.690582010401
466.4353910416606
467.18467015326786
467.93844189340655
468.69672885809524
469.45955368856363
470.226939068524
470.9989077213181
471.77548240695353
472.55668591900707
473.3425410814281
474.1330707451801
474.9282977847733
475.7282450946399
476.53293558538326
477.3423921798625
478.1566378091417
478.9756954082619
479.79958791186544
480.628338249643
481.46196934161156
482.3005040932099
483.14396539020765
483.9923760934198
484.84575903323463
485.7041370039278
486.56753275776583
487.4359689988855
488.3094683769652
489.1880534806555
490.0717468307567
490.9605708731645
491.85454797156467
492.75370039985586
493.65805033430354
494.5676198454033
495.48243088946214
496.402505299881
497.32786477813397
498.25853088441664
499.19452502797816
500.135868457113
501.0825822487951
502.0346872979587
502.99220430641583
503.955153771377
504.9235559735858
505.8974309650358
506.8767985562936
507.8616783033551
508.85208949407775
509.8480511341529
510.84958193259473
511.8567002867558
512.8694242668157
513.8877715997838
514.9117596529384
515.9414054167329
516.9767254871308
518.0177360473596
519.0644528490683
520.116891192848
521.1750659081324
522.2389913324441
523.3086812899513
524.384149069344
525.465407400981
526.5524684333296
527.6453437086085
528.7440441376815
529.8485799741311
530.9589607875265
532.07519543584
533.1972920369823
534.3252579394468
535.4590996920441
536.5988230126671
537.7444327561151
538.8959328809042
540.053326415051
541.2166154208107
542.3858009583157
543.5608830481542
544.7418606327444
545.9287315366024
547.1214924253688
548.3201387636259
549.5246647714729
550.7350633797749
551.9513261841307
553.1734433974503
554.4014038011796
555.6351946950697
556.87480184555
558.1202094325533
559.3713999948676
560.6283543739302
561.8910516560298
563.1594691128751
564.4335821405408
565.7133641967146
566.9987867362257
568.2898191448226
569.5864286711527
570.8885803569478
572.1962369653569
573.5093589073659
574.8279041663594
576.1518282206908
577.4810839643148
578.8156216254264
580.1553886830319
581.5003297815373
582.8503866432052
584.2054979785545
585.5655993946339
586.9306233011695
588.3004988145681
589.6751516597469
591.0545040698244
592.4384746836149
593.8269784409542
595.2199264758575
596.6172260074793
598.0187802289597
599.4244881940622
600.834244701737
602.2479401785538
603.6654605590505
605.0866871640653
606.5114965770491
607.9397605184566
609.3713457182457
610.8061137865129
612.2439210824409
613.6846185815309
615.1280517412926
616.5740603654247
618.0224784667012
619.4731341285535
620.9258493655911
622.3804399831934
623.8367154362653
625.2944786874348
626.7535260648003
628.2136471194758
629.6746244831422
631.1362337258543
632.598243214321
634.0604139710154
635.5224995342722
636.984245819842
638.4453909840975
639.9056652893125
641.3647909713796
642.8224821103331
644.2784445041231
645.7323755460396
647.1839641063157
648.6328904183005
650.0788259697825
651.5214333999653
652.9603664026511
654.3952696362302
655.825778641026
657.2515197647151
658.6721100963624
660.0871574098095
661.4962601171513
662.8990072328786
664.2949783495674
665.683743625816
667.0648637871739
668.4378901408764
669.8023646052222
671.157819754368
672.5037788793903
673.8397560664172
675.1652562927206
676.4797755415868
677.7828009367889
679.0738108975315
680.3522753146706
681.6176557490076
682.8694056524989
684.1069706131229
685.329788624114
686.5372903783605
687.7288995885447
688.9040333337258
690.0621024328852
691.202511845974
692.3246611029247
693.4279447609805
694.5117528906856
695.5754715906983
696.6184835316302
697.6401685288467
698.6399041442515
699.6170663167754
700.5710300213196
701.5011699557048
702.4068612550702
703.2874802329908
704.1424051485276
704.9710169981778
705.7727003316186
706.5468440899537
707.2928424650252
708.010095778188
708.6980113768085
709.3560045465837
709.9834994376354
710.5799300021442
711.1447409411894
711.6773886583385
712.1773422173098
712.6440843072198
713.0771121817605
713.475938630294
713.8400929174455
714.1691217179593
714.4625900376891
714.7200821207971
714.9412023221689
715.1255759792668
715.2728502406417
715.3826948684502
715.4548030075368
715.4888919200249
715.484703675636
715.0170530174784
715.2232754905658
716.101905610323
717.6502001389867
719.864153148548
722.7385219657165
726.2668636761182
730.4415814735128
735.253979493084
740.6943250876429
746.7519171568027
753.4151591442338
760.67163521621
768.5081882624527
776.9109983522656
785.8656603625111
795.3572597685231
805.370445544938
815.889499429334
826.8984009733437
838.3808878451218
850.3205111709484
862.700685765506
875.5047352161431
888.7159319579802
902.3175325517572
916.2928084054918
930.6250722954663
945.2977010504105
960.2941547892646
975.5979931080955
991.1928886109578
1007.0626381658257
1023.1911722439139
1039.5625626797146
1056.1610291556676
1072.970944688012
1089.976840355497
1107.1634094839555
1124.5155114668432
1142.018175374089
1159.6566034741306
1177.4161747697617
1195.282448625132
1213.2411685412876
1231.2782661215297
1249.379865250701
1267.5322865002056
1285.722051760138
1303.9358890889407
1322.160737765654
1340.383753522147
1358.5923139286626
1376.7740239023663
1394.9167213057474
1413.0084826013024
1431.0376285261796
1448.992729751734
1466.8626124916514
1484.6363640251493
1502.3033381002033
1519.8531601855332
1537.2757325404502
1554.5612390708147
1571.7001499487283
1588.6832259662622
1605.5015226017972
1622.1463937775557
1638.6094952899696
1654.882787894936
1670.9585400340316
1686.8293301889769
1702.4880488536146
1717.927900115256
1733.142402838385
1748.1253914470747
1762.8710163029843
1777.3737436780764
1791.6283553222122
1805.6299476317258
1819.3739304186836
1832.8560252889215
1846.072263634958
1859.018984253445
1871.69283059514
1884.0907476596556
1896.209978544519
1908.0480606634967
1919.6028216457692
1930.8723749307744
1941.8551150730564
1952.5497127724523
1962.9551096374628
1973.0705127277201
1982.8953888471726
1992.4294586323167
2001.6726904468617
2010.6252940974675
2019.2877143874787
2027.660624524633
2035.744919398582
2043.541708743757
2051.052310203524
2058.2782423098492
2065.2212173942075
2071.8831344429295
2078.2660719119035
2084.3722805132943
2090.2041759877
2095.7643318738187
2101.0554722880247
2106.080464725074
2110.8423128908444
2115.3441495777533
2119.5892295926074
2123.580922746483
2127.3227069153995
2130.8181611802515
2134.070959053921
2137.084861803075
2139.863711871497
2135.1935493130823
2130.543363361551
2125.91340732033
2121.3039193699183
2116.7151230880795
2112.1472279576406
2107.6004298615194
2103.0749115652734
2098.57084318699
2094.088382654785
2089.627676151675
2085.188858548297
2080.77205382328
2076.3773754715794
2072.0049269008314
2067.6548018160115
2063.3270845924076
2059.021850637263
2054.7391667401725
2050.4790914124637
2046.2416752158604
2042.0269610805035
2037.8349846127226
2033.665774392628
2029.5193522617985
2025.3957336014553
2021.294927601154
2017.2169375183094
2013.1617609287634
2009.1293899688187
2005.119811568595
2001.1330076774136
1997.1689554809775
1993.227627610977
1989.3089923470698
1985.4130138116216
1981.5396521573855
1977.6888637482355
1973.8606013334063
1970.0548142151986
1966.2714484104536
1962.5104468061816
1958.7717493091432
1955.0552929899866
1951.3610122218336
1947.6888388137409
1944.0387021389545
1940.4105292583713
1936.804245039276
1933.219772269453
1929.6570317669702
1926.1159424857321
1922.5964216168527
1919.0983846862607
1915.6217456483355
1912.1664169759706
1908.732309747137
1905.319333728001
1901.9273974528255
1898.5564083006534
1895.2062725690882
1891.8768955449764
1888.568181572516
1885.2800341184252
1882.0123558346997
1878.7650486187836
1875.538013671305
1872.3311515516186
1869.1443622309534
1865.9775451435962
1862.8305992358587
1859.703423013182
1856.5959145852369
1853.5079717092624
1850.4394918316173
1847.390372127607
1844.3605095397265
1841.34980081427
1838.358142536544
1835.3854311644643
1832.4315630608737
1829.4964345245005
1826.57994181954
1823.6819812041308
1820.8024489575093
1817.9412414060714
1815.0982549482776
1812.2733860785709
1809.4665314101717
1806.6775876969334
1803.9064518542878
1801.1530209791576
1798.4171923691017
1795.6988635405123
1792.997932246093
1790.3142964914853
1787.6478545511136
1784.9985049833701
1782.3661466450271
1779.7506787050286
1777.1520006575543
1774.5700123346123
1772.0046139177907
1769.455705949616
1766.9231893442761
1764.4069653977797
1761.9069357976277
1759.4230026319642
1756.9550683982745
1754.5030360115672
1752.0668088121151
1749.6462905728206
1747.2413855060706
1744.851998270269
1742.478033975898
1740.1193981913186
1737.7759969480992
1735.4477367460318
1733.1345245578696
1730.8362678336678
1728.5528745048202
1726.2842529878478
1724.0303121878806
1721.790961501811
1719.5661108212516
1717.355670535186
1715.1595515323838
1712.9776652036087
1710.809923443565
1708.6562386525989
1706.5165237382437
1704.3906921165535
1702.2786577131772
1700.1803349643258
1698.0956388175061
1696.0244847321148
1693.9667886798318
1691.9224671448444
1689.8914371240026
1687.8736161267207
1685.8689221747795
1683.8772738020073
1681.8985900538419
1679.9327904866898
1677.9797951672701
1676.0395246717717
1674.111900084911
1672.1968429989374
1670.294275512468
1668.404120229263
1666.5263002579231
1664.6607392074288
1662.8073611887132
1660.9660908120836
1659.13685318554
1657.3195739130852
1655.514179092967
1653.72059531578
1651.9387496625907
1650.168569702961
1648.4099834929425
1646.6629195729697
1644.9273069657766
1643.2030751742202
1641.490154179074
1639.7884744367652
1638.097966877082
1636.4185629008903
1634.7501943777281
1633.0927936434603
1631.4462934978212
1629.8106272020264
1628.1857284762498
1626.5715314971847
1624.9679708954786
1623.3749817532703
1621.7924996015881
1620.220460417825
1618.6588006231505
1617.1074570799328
1615.5663670891113
1614.0354683876417
1612.514699145846
1611.0039979648127
1609.503303873739
1608.012556327346
1606.5316952032188
1605.0606607995041
1603.599393831296
1602.1478354290114
1600.7059271353912
1599.273610902896
1597.8508290910806
1596.4375244639773
1595.033640187452
1593.6391198266303
1592.2539073432843
1590.8779470932177
1589.511183823714
1588.1535626709313
1586.805029157343
1585.4655291891856
1584.1350090539067
1582.8134154176278
1581.5006953226207
1580.1967961847945
1578.9016657912061
1577.6152522975551
1576.3375042257371
1575.0683704613461
1573.8078002512775
1572.5557432012538
1571.3121492734435
1570.0769687840454
1568.8501524008925
1567.6316511411135
1566.421416368746
1565.2193997924326
1564.0255534630749
1562.8398297715346
1561.6621814463676
1560.4925615515149
1559.3309234840954
1558.17722097213
1557.0314080723424
1555.8934391679497
1554.7632689664943
1553.64085249766
1552.526145111128
1551.4191024744503
1550.3196805709297
1549.227835697523
1548.1435244627683
1547.0667037847163
1545.9973308889062
1544.93536330632
1543.8807588713853
1542.833475719972
1541.793472287442
1540.760707306676
1539.7351398061496
1538.7167291080016
1537.7054348261422
1536.7012168643569
1535.7040354144524
1534.713850954402
1533.730624246499
1532.7543163355579
1531.7848885471026
1530.8223024856052
1529.86652003269
1528.9175033454112
1527.975214854508
1527.0396172626909
1526.110673542935
1525.1883469368179
1524.2726009528294
1523.3633993647286
1522.4607062099171
1521.5644857878183
1520.6747026582539
1519.7913216398813
1518.91430780861
1518.0436264960433
1517.1792432879358
1516.3211240226744
1515.4692347897465
1514.623541928265
1513.7840120254762
1512.9506119152838
1512.123308676807
1511.3020696329381
1510.4868623489044
1509.6776546308674
1508.8744145245282
1508.0771103137345
1507.2857105191088
1506.5001838966998
1505.720499436636
1504.946626361778
1504.1785341264224
1503.4161924149896
1502.6595711407238
1501.9086404444195
1501.1633706931523
1500.423732479022
1499.689696617919
1498.961234148278
1498.2383163298684
1497.5209146425843
1496.8090007852497
1496.1025466744402
1495.4015244432928
1494.7059064403657
1494.015665228477
1493.3307735835647
1492.6512044935612
1491.976931157276
1491.3079269832945
1490.6441655888666
1489.9856207988357
1489.332266644563
1488.6840773628578
1488.041027394922
1487.403091385306
1486.7702441808633
1486.1424608297482
1485.519716580384
1484.9019868804633
1484.2892473759434
1483.6814739100753
1483.0786425224132
1482.480729447847
1481.8877111156535
1481.29956414853
1480.716265361666
1480.1377917618097
1479.5641205463378
1478.9952291023383
1478.4310950057181
1477.8716960202923
1477.3170100968991
1476.7670153725182
1476.221690169396
1475.6810129941784
1475.144962537067
1474.6135176709522
1474.0866574505815
1473.5643611117293
1473.046608070366
1472.533377921842
1472.0246504400775
1471.5204055767604
1471.0206234605555
1470.5252843963017
1470.034368864255
1469.5478575192947
1469.065731190172
1468.5879708787459
1468.114557759228
1467.6454731774443
1467.1806986500978
1466.7202158640353
1466.2640066755248
1465.812053109538
1465.3643373590446
1464.920841784306
1464.481548912177
1464.0464414354196
1463.6155022120236
1463.1887142645214
1462.7660607793273
1462.3475251060631
1461.9330907569044
1461.5227414059332
1461.1164608884944
1460.7142332005544
1460.31604249807
1459.9218730963644
1459.5317094695038
1459.1455362496927
1458.7633382266538
1458.385100347036
Pressures:
67490.0
67389.31518218172
67435.59557568454
67482.80103585632
67530.93477594895
67580.00007921077
67630.00029929871
67680.93886072136
67732.81925927596
67785.64506250752
67839.4199101629
67894.14751467548
67949.83166164256
68006.47621031987
68064.08509412428
68122.66232114837
68182.21197468475
68242.73821376124
68304.24527368665
68366.73746660794
68430.21918207715
68494.69488763048
68560.16912936616
68626.64653256416
68694.13180229584
68762.62972404383
68832.14516433743
68902.6830714
68974.24847581123
69046.84649117393
69120.48231480108
69195.16122840975
69270.88859883117
69347.66987873164
69425.5106073465
69504.41641122493
69584.39300499285
69665.44619212454
69747.58186572808
69830.8060093491
69915.12469778195
70000.54409789825
70087.07046948894
70174.71016612032
70263.469636005
70353.3554228873
70444.37416694492
70536.53260570244
70629.83757496136
70724.29600974801
70819.91494527372
70916.70151791403
71014.66296620062
71113.806631831
71214.13996069669
71315.67050392473
71418.40591893825
71522.35397053408
71627.52253197705
71733.91958611236
71841.55322649628
71950.43165854417
72060.5632006979
72171.95628561205
72284.61946135701
72398.56139264363
72513.79086206718
72630.31677136998
72748.1481427245
72867.29412003799
72987.76397027538
73109.56708480608
73232.71298077013
73357.21130246618
73483.07182276172
73610.30444452513
73738.91920208256
73868.92626269363
74000.33592805406
74133.15863581975
74267.40496115763
74403.08561831531
74540.21146222265
74678.79349011325
74818.84284317265
74960.37080821295
75103.38881937518
75247.90845985441
75393.94146365604
75541.49971737723
75690.59526201664
75841.24029481286
75993.44717111389
76147.22840627126
76302.59667756641
76459.56482617006
76618.14585912664
76778.3529513738
76940.19944779461
77103.6988652973
77268.86489493241
77435.71140404123
77604.25243843738
77774.50222462487
77946.47517204886
78120.18587538326
78295.64911685404
78472.87986859883
78651.89329506445
78832.70475544213
79015.3298061411
79199.78420330092
79386.08390534468
79574.24507557129
79764.28408478947
79956.21751399507
80150.0621570878
80345.8350236333
80543.55334166942
80743.23456055537
80944.89635386816
81148.55662234427
81354.23349686839
81561.94534150924
81771.71075660612
81983.54858190278
82197.477899732
82413.5180382516
82631.68857473276
82852.00933889957
83074.50041632575
83299.18215188126
83526.07515323847
83755.20029443392
83986.57871948613
84220.23184607363
84456.18136927298
84694.44926535511
84935.05779564512
85178.0295104449
85423.38725301875
85671.1541636433
85921.35368372628
86174.00955998921
86429.14584872079
86686.78692009843
86946.95746258197
87209.68248737836
87474.98733297986
87742.89766977735
88013.43950475015
88286.63918623087
88562.52340875145
88841.1192179684
89122.45401566924
89406.55556486103
89693.45199494605
89983.17180698007
90275.74387902094
90571.19747156404
90869.56223306996
91170.86820558361
91475.14583044688
91782.42595410804
92092.73983595951
92406.11914863402
92722.59598973495
93042.20288619664
93364.97280059844
93690.93913758338
94020.13575038666
94352.59694747283
94688.35749928704
95027.4526451192
95369.91810008463
95715.79006222397
96065.10521972348
96417.90075825747
96774.21436845677
97134.08425350375
97497.54913685819
97864.64827011395
98235.42144098971
98609.90898145948
98988.15177601903
99370.19127009639
99756.06947860577
100145.82899465019
100539.51299837253
100937.1652659602
101338.83017880391
101744.55273281681
102154.3785479132
102568.35387765245
102986.52561904873
103408.94132255323
103835.64920220771
104266.69814597491
104702.13772625025
105142.01821055547
105586.39057241817
106035.30650244321
106488.81841957597
106946.97948256228
107409.84360161162
107877.46545026106
108349.90047744881
108827.20491980157
109309.4358141343
109796.6510101715
110288.9091834929
110786.26984870492
111288.79337284678
111796.54098903056
112309.57481032335
112827.95784387538
113351.75400529441
113881.02813327758
114415.84600450048
114956.27434877059
115502.38086444828
116054.23423414068
116611.90414067502
117175.46128335455
117744.97739450294
118320.5252563027
118902.17872979952
119490.0127370019
120084.10331371891
120684.52761601539
121291.36393860084
121904.69173354295
122524.5916293182
123151.145450197
123784.43623597675
124424.5482620639
125071.5670599146
125725.57943784041
126386.67350218073
127054.93867885484
127730.46573529628
128413.34680277639
129103.67539912749
129801.54645186756
130507.05632173654
131220.3028266514
131941.3852660855
132670.40444588158
133407.46270350463
134152.66393374145
134906.11361485775
135667.91883521594
136438.1883203653
137217.03246060916
138004.5633390613
138800.8947601949
139606.14227889752
140420.42323003174
141243.85675852318
142076.56384996974
142918.66736179125
143770.29205492325
144631.56462606494
145502.61374048828
146383.5700654208
147274.5663040071
148175.73722985823
149087.21972220295
150009.15280164292
150941.6776665085
151884.93772990245
152839.0786572859
153804.2484047688
154780.5972580361
155768.27787193886
156767.4453107505
157778.25708910872
158800.8732136434
159835.45622530225
160882.17124238264
161941.18600428302
163012.67091597378
164096.7990932034
165193.74640844995
166303.69153761587
167426.8160074873
168563.30424395797
169713.34362102702
170877.12451058396
172054.84033297712
173246.68760838377
174452.86600898558
175673.5784119531
176909.0309532489
178159.43308225097
179424.99761722173
180705.94080158055
182002.48236104182
183314.8455615856
184643.25726828224
185987.94800495976
187349.15201473233
188727.107321375
190122.05579156062
191534.24319795036
192963.91928314048
194411.33782446396
195876.7566996436
197360.43795329175
198862.6478642606
200383.6570138267
201923.740354708
203483.17728090158
205062.2516983442
206661.25209637283
208280.47161992107
209920.2081425345
211580.76434024723
213262.4477661761
214965.57092569617
216690.45135239378
218437.41168470294
220206.77974319324
221998.88860848115
223814.07669972867
225652.68785370153
227515.07140434752
229401.58226285092
231312.58099812357
233248.43391768946
235209.51314890193
237196.19672044524
239208.8686440601
241247.91899644077
243313.74400121096
245406.74611093558
247527.3340890747
249675.92309179937
251852.93474958898
254058.79724850194
256293.94541104077
258558.8207764849
260853.87168059245
263179.55333454505
265536.3279030118
267924.6645811994
270345.0396707293
272797.9366542133
275283.8462683561
277803.2665754094
280356.7030328089
282944.6685607903
285567.6836078084
288226.2762135072
290920.98206905596
293652.3445745874
296420.91489350895
299227.25200341194
302071.92274329806
304955.5018568411
307878.57203137275
310841.7239322611
313845.5562323622
316890.6756361645
319977.6968982584
323107.2428357419
326279.9443341259
329496.4403463526
332757.37788439414
336063.41200303356
339415.205775256
342813.4302587698
346258.7644530979
349751.89524663077
353293.5173530879
356884.3332367015
360525.0530255116
364216.3944120314
367959.08254062285
371753.8498807568
375601.4360854309
379502.5878339018
383458.0586578733
387468.60875024163
391535.0047554981
395658.01954080485
399838.4319467337
404077.02651663515
408374.59320353885
412731.92705347884
417149.8278640639
421629.09981705627
426170.55108375504
430774.99340182287
435443.2416222587
440176.1132251035
444974.42780241306
449839.0065070873
454770.6714659329
459770.24515545537
464838.54973872437
469976.40636164515
475184.6344069278
480464.05070398503
485815.46869298175
491239.6975411617
496737.54120959045
502309.7974683859
507957.2568584633
513680.70159785764
519480.9044305141
525358.6274155977
531314.6206551893
537349.6209582895
543464.3504390666
549659.5150471923
555935.8030282122
562293.8833118301
568734.4038259718
575257.9897346795
581865.2415976949
588556.7334498224
595333.0107980744
602194.5885348321
609141.9487651058
616175.5385462887
623295.7675388264
630503.0055662543
637797.5800833813
645179.7735514
652649.8207189548
660207.9058084068
667854.1596067362
675588.6564607448
683411.4111766106
691322.3758239185
699321.4364449355
707408.4096699298
715583.039239939
723844.9924387456
732193.8564362321
740629.1345458176
749150.2423991658
757756.5040419794
766447.1479551352
775221.3030062176
784077.9943370625
793016.1391936468
802034.5427054465
811131.8936220503
820306.7600158186
829557.5849599844
838882.6821926845
848280.2317782926
857748.275778174
867284.7139442724
876887.2994497198
886553.6346717214
896281.1670430282
906067.1849894387
915908.8139716849
925803.0126512022
935746.5692003123
945736.0977784342
955768.0351969133
965838.6377960225
975943.9785587146
986079.9444865293
996242.2342639099
1006426.3562380179
1016627.6267416955
1026841.1687878348
1037061.9111639897
1047284.5879561775
1057503.7385312917
1067713.7080074558
1077908.6482412152
1088082.519360796
1098229.091873573
1108341.9493754965
1118414.4918890866
1128439.93985558
1138411.3388051384
1148321.5647276703
1158163.3301644467
1167929.1910388127
1177611.5542415706
1187202.685983786
1196694.7209268508
1206079.6720960666
1215349.4415804918
1224495.8320179186
1233510.55885947
1242385.2634042955
1251111.5265897536
1259680.88351829
1268084.8386962528
1276314.881955557
1284362.5050246636
1292219.218707429
1299876.5706270311
1307326.1634825421
1314559.67353057
1321568.8704062991
1328345.6358518007
1334881.9836641387
1341170.0795899006
1347202.2613288364
1352971.0584989234
1358469.2128307791
1363689.6977419695
1368625.7380198834
1373270.8290826955
1377618.7558178264
1381663.6108869514
1385399.8124718925
1387997.199239224
1391658.4709747261
1396386.063122184
1402178.7435938974
1409031.6033144572
1416936.0791315627
1425880.0082804128
1435847.7129793426
1446820.1127709541
1458774.8622617726
1471686.5112211045
1485526.6838136932
1500264.2734551309
1515865.649869197
1532294.8748739574
1549513.923503074
1567482.9075822106
1586160.298779309
1605503.1487446919
1625467.3043632656
1646007.616160663
1667078.1386828483
1688632.3218072578
1710623.1921816987
1733003.5244484104
1755726.0021198275
1778743.3679916216
1802008.5643568789
1825474.8633109357
1849095.9875382304
1872826.2220226398
1896620.5171655833
1920434.5838018546
1944224.9805890957
1967949.1942401668
1991565.713025279
2015034.0939466073
2038315.0239385723
2061370.3754222693
2084163.256493756
2106658.055995674
2128820.483690282
2150617.6057225578
2172017.875539816
2192991.1604124326
2213508.763689997
2233543.4429108636
2253069.423878233
2272062.410811978
2290499.5926808626
2308359.6458243453
2325622.7329727802
2342270.4987801956
2358286.061987805
2373654.0043428536
2388360.3564045075
2402392.580372244
2415739.5500798454
2428391.528302576
2440340.141532681
2451578.3523764936
2462100.4297410212
2471901.9169826843
2480979.5981480065
2489331.462527642
2496956.6676504198
2503855.500896684
2510029.339902075
2515480.6119139954
2520212.7522603325
2524230.1620894657
2527538.1655351515
2530142.966455012
2532051.6048869286
2533271.9133608253
2533812.473199422
2533682.570933245
2532892.1549490807
2531451.792485654
2529372.6270805574
2526666.3365700776
2523345.091732166
2519421.515656517
2514908.643921636
2509819.8856475404
2504168.98548957
2497969.9866302777
2491237.1948198914
2483985.143508765
2476228.5601112065
2467982.333431903
2459261.4822818544
2450081.125323484
2440456.452084401
2430402.6952608586
2419935.104249514
2409068.919920957
2397819.3506336776
2386201.5494828946
2374230.592773735
2361921.459705619
2349289.0132512543
2336347.9822115297
2323112.944424047
2309598.311102381
2295818.3122792146
2281786.983326786
2267518.1525249765
2253025.4296469623
2238322.1955306665
2223421.592604287
2208336.5163322743
2193079.607548555
2177663.245642982
2162099.542566756
2146400.337623005
2130577.1930078617
2114641.3900684346
2098603.9262438053
2082475.5126556254
2066266.572315909
2043080.7429225598
2020193.6169526156
1997602.8305080133
1975305.940631769
1953300.4317307665
1931583.7217191781
1910153.1678790657
1889006.072449385
1868139.6879538645
1847551.222275177
1827237.8434825803
1807196.6844223938
1787424.847078254
1767919.4067100955
1748677.4157784195
1729695.907663572
1710971.9001855867
1692502.3989337822
1674284.400412691
1656314.8950113668
1638590.8698038347
1621109.3111870352
1603867.207362998
1586861.5506720857
1570089.3397833249
1553547.581748276
1537233.293924256
1521143.5057727296
1505275.2605385147
1489625.6168153775
1474191.650002954
1458970.4536604534
1443959.1407616609
1429154.84485627
1414554.7211419165
1400155.9474513535
1385955.725158973
1371951.280010674
1358139.8628810837
1344518.7504617376
1331085.245883843
1317836.6792792105
1304770.4082823482
1291883.8184771782
1279174.323791191
1266639.3668400801
1254276.4192254813
1242082.9817885694
1230056.584822028
1218194.7882427212
1206495.1817274815
1194955.3848141583
1183573.046969978
1172345.8476293636
1161271.496202914
1150347.7320595176
1139572.3244832836
1128943.0726068828
1118457.8053229374
1108114.3811748617
1097910.6882286973
1087844.6439270743
1077914.1949268368
1068117.3169212695
1058452.014448304
1048916.3206856379
1039508.2972338365
1030226.0338884715
1021067.6484020572
1012031.2862368573
1003115.120309198
994317.3507262155
985636.2045156826
977069.9353496653
968616.8232626445
960275.1743647222
952043.3205505114
943919.6192042342
935902.4529016163
927990.2291089343
920181.379879816
912474.3615501556
904867.6544315238
897359.7625035448
889949.2131054954
882634.5566275041
875414.3662016696
868287.2373933968
861251.7878931705
854306.6572090777
847450.506360318
840682.0175718382
833999.893970415
827402.8592822582
820889.6575324264
814459.0527461206
808109.8286520351
801840.7883879354
795650.7542085481
789538.567195491
783503.086970959
777543.1914133627
771657.7763746607
765845.7554019068
760106.0594612126
754437.6366646582
748839.4520002095
743310.487064696
737849.739799889
732456.2242316871
727128.9702124748
721867.0231667862
716669.4438400281
711535.3080505215
706463.7064447537
701453.7442559348
696504.5410657785
691615.2305695574
686784.9603444458
682012.891621098
677298.1990584803
672640.07052197
668037.7068646764
663490.321711964
658997.1412491993
654557.4040126669
650170.3606836526
645835.2738856802
641551.4179849215
637318.0788934035
633134.5538757464
629000.1513586398
624914.1907433749
620876.0022214005
616884.9265928107
612940.3150877565
609041.5291907416
605187.9404677761
601378.9303963779
597613.8901983328
593892.2206752248
590213.3320466945
586576.6437913934
582981.5844905591
579427.5916742551
575914.1116701636
572440.5994549323
569006.5185080571
565611.3406682144
562254.5459920539
558935.622717473
555654.0668189577
552409.3821837701
549201.0803760443
546028.6805072665
542891.7091089998
539789.7000078115
536722.1942023494
533688.7397425679
530688.8916110457
527722.2116063795
524788.2682285879
521886.63656654477
519016.8981873656
516178.6410277279
513371.45928709576
510594.95332282287
507848.72954710195
505132.4003257056
502445.5838785328
499787.9041818806
497158.9908724695
494558.47915312025
491986.0097001317
489441.2285722609
486923.78712134325
484433.34190445853
481969.5545976706
479532.0919112852
477120.6255066021
474734.83191413636
472374.3924533029
470038.9931535027
467728.32467661524
465442.0822408458
463179.96554594935
460941.67869974824
458726.9301743084
456535.43264837324
454366.9030260828
452221.06233851606
450097.6356764973
447996.3521245808
445916.94469619816
443859.15026994573
441822.7095270146
439807.3668897063
437812.8704610376
435838.9719654169
433885.4266903544
431951.99342920474
430038.43442491576
428144.5153147678
426270.0050760801
424414.67597287503
422578.30350347486
420760.66634902306
418961.54632289667
417180.7283210224
415418.0002730382
413673.15309433703
411945.9806389208
410236.27965309954
408543.8497299866
406868.49326478504
405210.0154108647
403568.2240365899
401942.92968290794
400333.94552166655
398741.08731465787
397164.17337337707
395603.02451946615
394057.464045857
392527.31767857185
391012.41353919054
389512.5821079648
388027.65618757217
386557.47086748184
385101.8634889442
383660.67361057765
382233.74297454616
380820.9154733153
379422.0371169787
378036.956001144
376665.5222753672
375307.5881121234
373963.00767630717
372631.6370952516
371313.3344292609
370007.9596426376
368715.37457520765
367435.44291431905
366168.0301673236
364913.00363451807
363670.23238254234
362439.58721823216
361220.94066290004
360014.16692706075
358819.14188557427
357635.74305321334
356463.84956062475
355303.3421307137
354154.1030554065
353016.01617280574
351888.9668447285
350772.84193462145
349667.5297858331
348572.9202002541
347488.9044173142
346415.37509331905
345352.2262811332
344299.3534102016
343256.6532668947
342224.02397518134
341201.36497761874
340188.5770166542
339185.5621162341
338192.22356371727
337208.46589207783
336234.1948624049
335269.3174466853
334313.74181086995
333367.37729820877
332430.1344128655
331501.9248037955
330582.66124888253
329672.25763933285
328770.6289643273
327877.69129591505
326993.3617741518
326117.55859248154
325250.2009833539
324391.209204064
323540.50452283025
322698.00920509116
321863.6465000181
321037.34062725154
320219.0167638421
319408.60103140393
318606.0204834699
317811.2030930529
317024.07774040155
316244.5742009468
315472.62313344964
314708.15606832615
313951.1053961633
313201.4043564163
312458.98702627997
311723.78830974293
310995.743926804
310274.79040286964
309560.8650583609
308853.9059990219
308153.8521044352
307460.64301879867
306774.21914112114
306094.52161557926
305421.49232201604
304755.0738665931
304095.20957258454
303441.8434713208
302794.9202932666
302154.38545924
301520.1850717711
300892.2659065881
300270.57540424314
299655.0616618625
299045.67342502583
298442.3600797711
297845.071644726
297253.7587633559
296668.3726963354
296088.8653140349
295515.18908912526
294947.2970892949
294385.14297008194
293828.68096781103
293277.8658926444
292732.65312173654
292192.9985924971
291658.85879595304
291130.1907702166
290606.9520940514
290089.100880539
289576.5957708385
289069.39592804987
288567.461031162
288070.7512691006
287579.2273348654
287092.8504197544
286611.5822076799
286135.3848695724
285664.2210578666
285198.0539010749
284736.8469984429
284280.5644146891
283829.1706748213
283382.6307590352
282940.9100976932
282503.97456637555
282071.7904813269
281644.3245942675
281221.5440874857
280803.4165694529
280389.9100702467
279980.9930370454
279576.6343296897
279176.8032163148
278781.46936905023
278390.6028597841
278004.1741559966
277622.15411665395
277244.51398817
